[gd_scene format=3 uid="uid://by1612ejdr0c1"]

[ext_resource type="PackedScene" uid="uid://co0fmo0o7s8fg" path="res://model_src/universal_anim/UAL1_Standard.glb" id="1_5vpmc"]
[ext_resource type="Script" uid="uid://dbrx6557xfiu" path="res://model_scripts/EffectTransform.gd" id="2_gb5ru"]

[sub_resource type="SphereMesh" id="SphereMesh_ey6ln"]
radial_segments = 16
rings = 16

[sub_resource type="CylinderMesh" id="CylinderMesh_ey6ln"]
top_radius = 0.0
bottom_radius = 0.1
height = 0.6
radial_segments = 8
rings = 0

[sub_resource type="SphereMesh" id="SphereMesh_sdngl"]
radial_segments = 8
rings = 8

[sub_resource type="SphereMesh" id="SphereMesh_ptj5m"]
radial_segments = 32
rings = 16

[sub_resource type="CapsuleMesh" id="CapsuleMesh_5vpmc"]
radius = 0.4
height = 1.5
radial_segments = 16
rings = 4

[sub_resource type="CapsuleMesh" id="CapsuleMesh_in5ti"]
radial_segments = 16
rings = 4

[node name="Creature2" type="Node3D" unique_id=14365542]
metadata/_edit_lock_ = true

[node name="UAL1_Standard" parent="." unique_id=304657425 instance=ExtResource("1_5vpmc")]

[node name="GeneralSkeleton" parent="UAL1_Standard/Armature" parent_id_path=PackedInt32Array(304657425, 1882522169) index="0" unique_id=407679712]
bones/1/position = Vector3(0.018844508, 0.86739457, -0.0742712)
bones/1/rotation = Quaternion(0.19644907, -0.009493879, 0.047328465, 0.9793252)
bones/3/rotation = Quaternion(0.13950373, 0.0655842, -0.04945821, 0.98680866)
bones/4/rotation = Quaternion(0.12817109, 0.21022667, 0.034187965, 0.9686114)
bones/5/rotation = Quaternion(-0.1332307, -0.13905446, -0.02621839, 0.9809313)
bones/6/rotation = Quaternion(-0.15212578, -0.13852307, -0.028895546, 0.97817904)
bones/7/rotation = Quaternion(0.51945925, 0.4797296, 0.47976214, -0.5194708)
bones/8/rotation = Quaternion(-0.08443274, 0.90523, -0.41638786, 0.0071319034)
bones/9/rotation = Quaternion(0.46250987, -0.4712161, 0.42142928, 0.6216409)
bones/10/rotation = Quaternion(0.12024963, 0.69903094, 0.056890097, 0.702609)
bones/11/rotation = Quaternion(0.6295969, -1.4528634e-07, -4.321337e-06, 0.7769221)
bones/12/rotation = Quaternion(0.62334144, -1.4528631e-07, -4.4107433e-06, 0.7819497)
bones/13/rotation = Quaternion(0.623342, -1.2665986e-07, -4.470348e-06, 0.7819493)
bones/15/rotation = Quaternion(0.62889457, -0.029734949, -4.2021275e-06, 0.77692175)
bones/16/rotation = Quaternion(0.6227328, -0.027554728, -4.589558e-06, 0.7819493)
bones/17/rotation = Quaternion(0.622668, -0.028961483, -4.2915353e-06, 0.78195006)
bones/19/rotation = Quaternion(0.6630008, -0.04452976, 0.07369418, 0.74365056)
bones/20/rotation = Quaternion(0.6203667, -0.062294, 0.015573263, 0.78167903)
bones/21/rotation = Quaternion(0.6219208, -0.0420519, -4.470349e-06, 0.7819503)
bones/23/rotation = Quaternion(0.62919796, -0.022414085, -4.4703484e-06, 0.7769219)
bones/24/rotation = Quaternion(0.62294686, -0.022176126, -4.321337e-06, 0.7819498)
bones/25/rotation = Quaternion(0.6228985, -0.023505569, -4.470348e-06, 0.7819495)
bones/27/rotation = Quaternion(-0.12381926, 0.71952313, 0.20183572, 0.6528534)
bones/28/rotation = Quaternion(0.18180718, 0.11012438, 0.060063176, 0.97530055)
bones/29/rotation = Quaternion(0.59942967, 0.27396533, 0.19463202, 0.726461)
bones/30/scale = Vector3(1.0001454, 1.0004877, 1.0005833)
bones/31/rotation = Quaternion(0.5, -0.49999988, -0.5, -0.5000001)
bones/32/rotation = Quaternion(-0.1433905, 0.91362053, -0.380387, -0.0065152794)
bones/33/rotation = Quaternion(0.30978695, 0.64780825, -0.65060747, 0.24715705)
bones/34/rotation = Quaternion(0.17276852, -0.71959734, -0.10874544, 0.6637057)
bones/35/rotation = Quaternion(0.62959737, -1.5646219e-07, 4.3809414e-06, 0.7769216)
bones/36/rotation = Quaternion(0.62334114, 3.5390258e-07, 4.1127205e-06, 0.78195006)
bones/37/rotation = Quaternion(0.6233422, 3.8370484e-07, 4.50015e-06, 0.7819491)
bones/39/rotation = Quaternion(0.6288947, 0.029734707, 4.3213367e-06, 0.77692175)
bones/40/rotation = Quaternion(0.62273216, 0.027554736, 4.261732e-06, 0.78194976)
bones/41/rotation = Quaternion(0.62266856, 0.028961334, 4.7683725e-06, 0.78194964)
bones/43/rotation = Quaternion(0.66300094, 0.044529736, -0.07369412, 0.74365044)
bones/44/rotation = Quaternion(0.620366, 0.0622941, -0.015573261, 0.7816796)
bones/45/rotation = Quaternion(0.6219221, 0.042051878, 4.559756e-06, 0.78194934)
bones/46/rotation = Quaternion(-0.03375011, 0.99943036, 7.077092e-09, -1.322724e-07)
bones/47/rotation = Quaternion(0.6291982, 0.022413794, 4.053116e-06, 0.77692175)
bones/48/rotation = Quaternion(0.62294686, 0.022176448, 4.351139e-06, 0.78194976)
bones/49/rotation = Quaternion(0.6228983, 0.02350567, 4.023314e-06, 0.78194976)
bones/50/rotation = Quaternion(-0.018857837, 0.9998222, -1.5216909e-08, -2.369153e-07)
bones/51/rotation = Quaternion(-0.12381885, -0.71952355, -0.20183557, 0.65285325)
bones/52/rotation = Quaternion(0.1818068, -0.110124245, -0.06006264, 0.97530067)
bones/53/rotation = Quaternion(0.5994297, -0.27396587, -0.19463214, 0.7264607)
bones/54/scale = Vector3(1.0001453, 1.0004876, 1.0005833)
bones/55/rotation = Quaternion(0.0003304114, 0.39888328, 0.9157841, 0.04724015)
bones/56/rotation = Quaternion(-5.2087027e-05, 0.9994231, 0.033945844, 0.001053641)
bones/57/rotation = Quaternion(-0.04918567, 0.7110159, -0.7013796, -0.010188622)
bones/58/rotation = Quaternion(-2.6285182e-08, 1, 2.0861623e-07, 3.8123553e-09)
bones/60/rotation = Quaternion(0.00036631845, 0.11786532, 0.9916475, 0.05237276)
bones/61/rotation = Quaternion(0.011134529, 0.8296595, -0.55791193, 0.016601944)
bones/62/rotation = Quaternion(0.012582682, 0.8253939, -0.5643296, -0.009933969)
bones/63/rotation = Quaternion(-4.3947555e-08, 1, 8.940697e-08, 2.7381045e-08)

[node name="Mannequin" parent="UAL1_Standard/Armature/GeneralSkeleton" index="0" unique_id=829824144]
visible = false

[node name="AnimationPlayer" parent="UAL1_Standard" index="1" unique_id=1530676701]
autoplay = &"Idle"
speed_scale = 0.3

[node name="Head" type="BoneAttachment3D" parent="." unique_id=1455536291]
transform = Transform3D(0.99999994, -5.2154064e-08, 5.9604645e-08, 5.9604645e-08, 0.936823, -0.34980357, 0, 0.34980357, 0.93682307, 0.0051350845, 1.3587784, 0.35219955)
bone_name = "Head"
bone_idx = 6
use_external_skeleton = true
external_skeleton = NodePath("../UAL1_Standard/Armature/GeneralSkeleton")

[node name="Head" type="CSGMesh3D" parent="Head" unique_id=600845977]
transform = Transform3D(0.29997638, 0, 2.7939677e-09, 4.656613e-10, 0.37480196, 1.4901161e-08, 0, 1.4901161e-08, 0.28218186, -0.0009115739, 0.11039376, -0.00047415495)
autosmooth = true
mesh = SubResource("SphereMesh_ey6ln")

[node name="HornRoot" type="CSGCombiner3D" parent="Head/Head" unique_id=1660463291]
transform = Transform3D(0.96978104, 0.2205996, 0.104215264, -0.24397747, 0.8768568, 0.41424316, 1.7948754e-10, -0.42715123, 0.9041803, 0.20759088, 0.3079095, -0.10719921)

[node name="Horn" type="CSGMesh3D" parent="Head/Head/HornRoot" unique_id=1382555449]
transform = Transform3D(0.99999976, 5.32396e-08, 1.3473328e-08, -1.5054498e-08, 0.99999976, 0, 7.775158e-09, -2.9802322e-08, 0.9999997, 0.005451292, 0.30746412, 0.026649952)
mesh = SubResource("CylinderMesh_ey6ln")

[node name="Eye" type="CSGMesh3D" parent="Head/Head" unique_id=1796806895]
transform = Transform3D(0.33207974, -0.11314836, -0.04849449, 0.19986895, 0.18799463, 0.080573, 2.887757e-09, -0.10365737, 0.19906318, 0.15441379, 0.15713286, 0.3349967)
operation = 2
mesh = SubResource("SphereMesh_sdngl")

[node name="MirrorHorn" type="Node" parent="Head" unique_id=188802175 node_paths=PackedStringArray("source")]
script = ExtResource("2_gb5ru")
source = NodePath("../Head/HornRoot")
rotate_degrees = Vector3(0, 90, 0)
metadata/_custom_type_script = "uid://dbrx6557xfiu"

[node name="MirrorEye" type="Node" parent="Head" unique_id=312561434 node_paths=PackedStringArray("source")]
script = ExtResource("2_gb5ru")
source = NodePath("../Head/Eye")
metadata/_custom_type_script = "uid://dbrx6557xfiu"

[node name="UpperChest" type="BoneAttachment3D" parent="." unique_id=1352278930]
transform = Transform3D(0.8458623, 0.04751037, 0.5312811, 0.403484, 0.59447676, -0.6955559, -0.34888035, 0.80270797, 0.48367584, -0.0032977122, 1.1977221, 0.15417504)
bone_name = "UpperChest"
bone_idx = 4
use_external_skeleton = true
external_skeleton = NodePath("../UAL1_Standard/Armature/GeneralSkeleton")

[node name="CSGMesh3D" type="CSGMesh3D" parent="UpperChest" unique_id=2068762147]
transform = Transform3D(0.265, 0, 0, 0, 0.265, 0, 0, 0, 0.265, 0, 0, 0)
mesh = SubResource("SphereMesh_ptj5m")

[node name="LeftUpperArm" type="BoneAttachment3D" parent="." unique_id=86961969]
transform = Transform3D(-0.71264845, 0.38826028, -0.5842827, 0.6133499, -0.05940199, -0.7875745, -0.34049144, -0.91963327, -0.1958068, 0.11614911, 1.3967929, 0.15664774)
bone_name = "LeftUpperArm"
bone_idx = 8
use_external_skeleton = true
external_skeleton = NodePath("../UAL1_Standard/Armature/GeneralSkeleton")

[node name="CSGMesh3D" type="CSGMesh3D" parent="LeftUpperArm" unique_id=1405048768]
transform = Transform3D(0.265, 0, 0, 0, 0.265, 0, 0, 0, 0.265, 0, 0, 0)
mesh = SubResource("SphereMesh_ptj5m")

[node name="RightUpperArm" type="BoneAttachment3D" parent="." unique_id=1957838309]
transform = Transform3D(0.73256785, -0.4573964, 0.5041157, -0.49125075, -0.86790323, -0.07359648, 0.4711864, -0.19373274, -0.8604944, -0.19177489, 1.2372788, 0.29300392)
bone_name = "RightUpperArm"
bone_idx = 32
use_external_skeleton = true
external_skeleton = NodePath("../UAL1_Standard/Armature/GeneralSkeleton")

[node name="CSGMesh3D" type="CSGMesh3D" parent="RightUpperArm" unique_id=164466437]
transform = Transform3D(0.265, 0, 0, 0, 0.265, 0, 0, 0, 0.265, 0, 0, 0)
mesh = SubResource("SphereMesh_ptj5m")

[node name="Hips" type="BoneAttachment3D" parent="." unique_id=833182326]
transform = Transform3D(0.99533975, -0.096430026, 7.636845e-08, 0.088969775, 0.91833556, -0.38567364, 0.037190452, 0.38387632, 0.92263526, 0.018844508, 0.86739457, -0.0742712)
bone_name = "Hips"
bone_idx = 1
use_external_skeleton = true
external_skeleton = NodePath("../UAL1_Standard/Armature/GeneralSkeleton")

[node name="CSGMesh3D" type="CSGMesh3D" parent="Hips" unique_id=2125524397]
transform = Transform3D(0.265, 0, 0, 0, 0.265, 0, 0, 0, 0.265, 0, 0, 0)
mesh = SubResource("SphereMesh_ptj5m")

[node name="Spine" type="BoneAttachment3D" parent="." unique_id=558473549]
transform = Transform3D(0.99533975, -0.096430026, 7.636845e-08, 0.088969775, 0.91833556, -0.38567364, 0.037190452, 0.38387632, 0.92263526, 0.0059421686, 0.9769622, 0.008922353)
bone_name = "Spine"
bone_idx = 2
use_external_skeleton = true
external_skeleton = NodePath("../UAL1_Standard/Armature/GeneralSkeleton")

[node name="CSGMesh3D" type="CSGMesh3D" parent="Spine" unique_id=2011561839]
transform = Transform3D(0.265, 0, 0, 0, 0.2631903, -0.030917035, 0, 0.030917035, 0.2631903, -4.3190082e-10, 0.0426618, 0)
mesh = SubResource("CapsuleMesh_5vpmc")

[node name="LeftElbow" type="BoneAttachment3D" parent="." unique_id=111332908]
transform = Transform3D(-0.6789137, 0.6643452, -0.31260484, -0.6505532, -0.74168473, -0.16335343, -0.3403774, 0.092463195, 0.93573165, 0.2193383, 1.3833756, -0.09729993)
bone_name = "LeftLowerArm"
bone_idx = 9
use_external_skeleton = true
external_skeleton = NodePath("../UAL1_Standard/Armature/GeneralSkeleton")

[node name="CSGMesh3D" type="CSGMesh3D" parent="LeftElbow" unique_id=1757238404]
transform = Transform3D(0.12, 0, 0, 0, 0.12, 0, 0, 0, 0.12, 0, 0, 0)
mesh = SubResource("SphereMesh_ptj5m")

[node name="LeftHand" type="BoneAttachment3D" parent="." unique_id=329967834]
transform = Transform3D(0.45656422, 0.5032837, -0.73365855, -0.036320403, -0.81339127, -0.5805821, -0.88894874, 0.29171968, -0.35308602, 0.39896956, 1.1804246, -0.0676965)
bone_name = "LeftHand"
bone_idx = 10
use_external_skeleton = true
external_skeleton = NodePath("../UAL1_Standard/Armature/GeneralSkeleton")

[node name="CSGMesh3D" type="CSGMesh3D" parent="LeftHand" unique_id=1286981970]
transform = Transform3D(0.12, 0, 0, 0, 0.12, 0, 0, 0, 0.12, 0, 0, 0)
mesh = SubResource("SphereMesh_ptj5m")

[node name="RightElbow" type="BoneAttachment3D" parent="." unique_id=259918671]
transform = Transform3D(-0.903581, 0.19949934, 0.37913242, 0.32095385, -0.27096394, 0.907506, 0.2837781, 0.94168913, 0.18080783, -0.3207274, 1.001435, 0.23762895)
bone_name = "RightLowerArm"
bone_idx = 33
use_external_skeleton = true
external_skeleton = NodePath("../UAL1_Standard/Armature/GeneralSkeleton")

[node name="CSGMesh3D" type="CSGMesh3D" parent="RightElbow" unique_id=419395773]
transform = Transform3D(0.12, 0, 0, 0, 0.12, 0, 0, 0, 0.12, 0, 0, 0)
mesh = SubResource("SphereMesh_ptj5m")

[node name="RightHand" type="BoneAttachment3D" parent="." unique_id=1841658989]
transform = Transform3D(0.32307392, 0.4233973, 0.8463794, 0.9202093, 0.0682987, -0.38542184, -0.22099316, 0.90336585, -0.36754867, -0.26456192, 0.9318356, 0.49518317)
bone_name = "RightHand"
bone_idx = 34
use_external_skeleton = true
external_skeleton = NodePath("../UAL1_Standard/Armature/GeneralSkeleton")

[node name="CSGMesh3D" type="CSGMesh3D" parent="RightHand" unique_id=1563314235]
transform = Transform3D(0.12, 0, 0, 0, 0.12, 0, 0, 0, 0.12, 0, 0, 0)
mesh = SubResource("SphereMesh_ptj5m")

[node name="LeftKnee" type="BoneAttachment3D" parent="." unique_id=844456127]
transform = Transform3D(0.9993326, -0.02251486, 0.028764112, -0.006266464, -0.8814499, -0.47223592, 0.035986453, 0.47174057, -0.88100266, 0.09781158, 0.50358367, 0.14438853)
bone_name = "LeftLowerLeg"
bone_idx = 56
use_external_skeleton = true
external_skeleton = NodePath("../UAL1_Standard/Armature/GeneralSkeleton")

[node name="CSGMesh3D" type="CSGMesh3D" parent="LeftKnee" unique_id=1996907997]
transform = Transform3D(0.12, 0, 0, 0, 0.12, 0, 0, 0, 0.12, 0, 0, 0)
mesh = SubResource("SphereMesh_ptj5m")

[node name="LeftFoot" type="BoneAttachment3D" parent="." unique_id=171353995]
transform = Transform3D(-0.9906355, -0.11309388, 0.07649118, 0.015864521, 0.46109933, 0.8872066, -0.13560769, 0.8801119, -0.45498726, 0.08916245, 0.10999015, 0.31603426)
bone_name = "LeftFoot"
bone_idx = 57
use_external_skeleton = true
external_skeleton = NodePath("../UAL1_Standard/Armature/GeneralSkeleton")

[node name="CSGMesh3D" type="CSGMesh3D" parent="LeftFoot" unique_id=552749767]
transform = Transform3D(0.11950376, -0.0027824966, -0.010541183, 0.008747763, 0.09371816, 0.07443379, 0.0065065664, -0.074894376, 0.09353343, -0.011439741, 0.07424542, -0.03838229)
mesh = SubResource("CapsuleMesh_in5ti")

[node name="RightKnee" type="BoneAttachment3D" parent="." unique_id=895012939]
transform = Transform3D(0.99948615, -0.03198337, -0.0021973897, -0.0050474517, -0.22468044, 0.9744196, -0.031658918, -0.97390753, -0.2247263, -0.07523364, 0.45903137, -0.0906665)
bone_name = "RightLowerLeg"
bone_idx = 61
use_external_skeleton = true
external_skeleton = NodePath("../UAL1_Standard/Armature/GeneralSkeleton")

[node name="CSGMesh3D" type="CSGMesh3D" parent="RightKnee" unique_id=1770051414]
transform = Transform3D(0.12, 0, 0, 0, 0.12, 0, 0, 0, 0.12, 0, 0, 0)
mesh = SubResource("SphereMesh_ptj5m")

[node name="RightFoot" type="BoneAttachment3D" parent="." unique_id=2106460276]
transform = Transform3D(-1.0000002, 8.288771e-08, -6.7520887e-09, -8.05594e-08, -0.9895522, -0.1441766, -2.4039764e-08, -0.1441766, 0.989552, -0.0890013, 0.3963656, -0.51532674)
bone_name = "RightFoot"
bone_idx = 62
use_external_skeleton = true
external_skeleton = NodePath("../UAL1_Standard/Armature/GeneralSkeleton")

[node name="CSGMesh3D" type="CSGMesh3D" parent="RightFoot" unique_id=28801536]
transform = Transform3D(0.11950376, -0.0027824966, -0.010541183, 0.008747763, 0.09371816, 0.07443379, 0.0065065664, -0.074894376, 0.09353343, -0.011439741, 0.07424542, -0.03838229)
mesh = SubResource("CapsuleMesh_in5ti")

[editable path="UAL1_Standard"]
